71 37
8 15
3 15
5 4
19 11
17 8
2 5
1 12
12 13
14 9
4 17
14 7
10 8
10 11
9 12
5 14
10 19
6 3
3 16
9 16
19 11
12 15
3 13
1 3
19 2
3 7
7 5
5 1
6 3
7 1
5 7
5 7
1 9
8 3
2 7
5 9
3 2
6 6
2 9
5 1
9 2
6 3
9 9
6 5
4 7
4 8
6 3
2 5
1 1
9 6
8 2
9 9
1 3
5 6
4 3
9 7
2 4
4 7
1 9
8 1
3 4
2 5
2 2
9 1
9 3
3 3
1 6
3 3
9 7
9 4
4 6
7 1
22 35 770
30 37 1110
39 33 1287
38 38 1444
20 37 740
36 28 1008
28 24 672
29 35 1015
23 35 805
28 28 784
35 24 840
21 23 483
33 21 693
28 37 1036
25 23 575
37 37 1369
22 37 814
38 38 1444
29 20 580
31 32 992
30 37 1110
32 21 672
27 27 729
33 23 759
29 37 1073
29 32 928
25 24 600
33 26 858
29 27 783
27 21 567
20 28 560
22 28 616
32 32 1024
23 38 874
37 32 1184
24 27 648
37 35 1295
